[Login.jpg]
filters=crop64=1,14d92444eda7e777;
crop=rect64(14d92444eda7e777)
moddate=388b1a089d91d301
width=614
height=240
textactive=0
[Reset.jpg]
moddate=94e1f7a69e91d301
width=614
height=240
text=1;131;5;RESET;Arial Black;0.401668,0.349519,0.289530,6.283185;v1,4294967295,4278190080,128.000000,1.000000,0.000000,1.000000,400,0,49152;;
textactive=1
