[Login.jpg]
backuphash=58203
[Reset.jpg]
backuphash=26829
[lay.jpg]
text=1;131;5;Reset;Arial Black;0.155995,0.236763,0.410078,6.281545;v1,4294967295,4278190080,128.000000,1.000000,0.000000,1.000000,400,0,49152;;
backuphash=62372
textactive=1
[signup1.jpg]
backuphash=28182
